A, 6 x 6 Hilbert matrix:
1.0000000000000000 0.5000000000000000 0.3333333333333333 0.2500000000000000 0.2000000000000000 0.1666666666666667
0.5000000000000000 0.3333333333333333 0.2500000000000000 0.2000000000000000 0.1666666666666667 0.1428571428571428
0.3333333333333333 0.2500000000000000 0.2000000000000000 0.1666666666666667 0.1428571428571428 0.1250000000000000
0.2500000000000000 0.2000000000000000 0.1666666666666667 0.1428571428571428 0.1250000000000000 0.1111111111111111
0.2000000000000000 0.1666666666666667 0.1428571428571428 0.1250000000000000 0.1111111111111111 0.1000000000000000
0.1666666666666667 0.1428571428571428 0.1250000000000000 0.1111111111111111 0.1000000000000000 0.0909090909090909

Modified A matrix (L stored in strictly lower triangular part, U in upper triangular part):
1.0000000000000000 0.5000000000000000 0.3333333333333333 0.2500000000000000 0.2000000000000000 0.1666666666666667
0.5000000000000000 0.0833333333333333 0.0833333333333333 0.0750000000000000 0.0666666666666667 0.0595238095238095
0.3333333333333333 1.0000000000000003 0.0055555555555555 0.0083333333333333 0.0095238095238095 0.0099206349206349
0.2500000000000000 0.9000000000000003 1.4999999999999963 0.0003571428571429 0.0007142857142858 0.0009920634920635
0.2000000000000000 0.8000000000000000 1.7142857142857157 1.9999999999998568 0.0000226757369615 0.0000566893424037
0.1666666666666667 0.7142857142857144 1.7857142857142882 2.7777777777774863 2.5000000000014165 0.0000014315490505

Determinant of A: 5.3672998869451390e-18

A inverse:
36.0000000009225319 -630.0000000276815815 3360.0000001927113686 -7560.0000005107512067 7560.0000005713260407 -2772.0000002273780098
-630.0000000276815259 14700.0000008272164420 -88200.0000057449237403 211680.0000152014719390 -220500.0000169846905322 83160.0000067537177628
3360.0000001927108415 -88200.0000057449189725 564480.0000398408482738 -1411200.0001053214253943 1512000.0001175959567945 -582120.0000467362846166
-7560.0000005107495107 211680.0000152014541897 -1411200.0001053213911746 3628800.0002782464371194 -3969000.0003105331720690 1552320.0001233732602941
7560.0000005713240716 -220500.0000169846688891 1512000.0001175959056354 -3969000.0003105331386450 4410000.0003464534574960 -1746360.0001376104119117
-2772.0000002273772006 83160.0000067537089947 -582120.0000467362639256 1552320.0001233732467654 -1746360.0001376104117981 698544.0000546483782387

B = A * Ainv:
1.0000000000000000 0.0000000000000000 0.0000000000000142 -0.0000000000000426 0.0000000000000000 0.0000000000000000
0.0000000000000000 0.9999999999999991 0.0000000000000142 -0.0000000000000142 0.0000000000000426 -0.0000000000000071
0.0000000000000000 -0.0000000000000027 1.0000000000000142 -0.0000000000000142 0.0000000000000995 -0.0000000000000213
0.0000000000000002 -0.0000000000000036 0.0000000000000178 0.9999999999999716 0.0000000000000568 -0.0000000000000142
-0.0000000000000000 0.0000000000000009 0.0000000000000071 0.0000000000000000 0.9999999999999858 0.0000000000000000
-0.0000000000000000 0.0000000000000004 0.0000000000000036 0.0000000000000000 0.0000000000000000 0.9999999999999964
